11777 ’4. 43 .
77777777777777777, ch 7777777s7777 C777 4444444 77777777777
44[44444[4444444 4444 7777777777 44444444 [44444444444464 777-
4444444444 Cap7777777777777 64444 4444 7777777777.

1 R1fi7777777p7s777777777777777777777777777777777’7777, Ι
· τ444444[ 7177777777 777 comp. 777 77¹7s. 77st. g 7777 4444444444
77777777. 6777 4444444 44,4444[4444 4·[444 C7777777g77777 444444444-
77777777751'777. Ν 444 7777 ets 77777777,77 44[[444444 4444 77¹·
7777777 777777777777777777‚7177777777'7777777777777777
77777p7777777777 4[4 [4444444444 4444444 [44444444 77 444[ 777
444444444444444 77'7 444444444[ 44[[ 44444 [444 777777777 7777
7777 7777777 4444444444[[44[[ [46444444 777 4444444144,
[4444444444 77777777 444[44444 [’[6[444444[444644[ 77777 777 444444-
44444444444 77 777 77 4444444 ’

A 7777013 5. C77¹77777 777 6. 7777 67777777721110712
genmfaft707777777777777777777'777777777‚7777'1'7777777 7777- ’ς
[4444444 444 75 C777'7 4444444444 444. 6444 777 4 44444 7777 7777777
44444644 [4 7777777777 775 7 4414444444444444444, 44444
[44444444444444444444Τ44441444.

8071 B1TA7777777B7⁹77 444444 [444444645444444444444444 ,
f7777777777 7777 7777777 4444444 644444444444 777767-12?
7777777777777 ,44444344 77777 7777777777 777 7777 777777777.
’1)44444444444444444444 7777 777'7, 44444 M777777777777
[[[ῗέ 777777f777, 777777777777 7777777777777777777 '7777'7 4444444 44
[444’[ἑ4[4 4[[444444 04444[44[[[’ 444444 ’4444444444 777 777-
777777s77777777777777777177 [4[4[[444[4, 7777777 444444444-
4444444444 lapsum effe

8444444464 777777777. 1 7777. ..21 &7 [44444444
44444ὶ4[4.44444 4444 M77777777777‚7 777 7777 1 .Ἱ)[4[4. cap 75.
777773 7777 4464444444, 7777 Caphl7'777777 7777777 7777 44444
777777777777R777777777777R77777(7377777777777 -Cfflh
[446444 7777777777777 7777777777 77)R 7777777stde7777777 777 7772.
777· Eg⁰777777777777777777777777777777775‘7777777777777 ΝΜ

7777

 

