515555 15. 253
11111111111111111111111111111Ρ111111111,1111111111111
1111111111, 11111111111111111111111111111 55550
11111111 111111 0111111111111111 Negat5555 111111111111
11111111111111111111111111 11111111 1111 1111111111 ,11
61111111111111 11 ,111111111111111111111110 5552 mineo.

Η 1111 11111111 1111111111111111111111111111111 6111111111,
11111111111111111111111111111111 11111111181111111111 6111- ³⁴02»
latum 11111111111111111, (1111111111111111111111111
5555 1111111111111 ,111111111111111 1111111 1111111111111-
11111111111111.Ε1111111111111111111111111111111111111 w w,
1111111611111111111111111111111111111111111 mvn-⁰³⁴² ‘ff'
1111111111111,111111111111111111111111111111111, 11-
1111111111111 1111 1111111111111111. ,

,11111111111,11111111111111111111111111111111-1,,,1,11,
1111111εο,1111111111111111111111111111111(11113ῑὲ1111»
Cotalmaluc ”om 1111111110 1ξῖζζ“ 'm’
55 5 Ν11111 1111111111 111111111111111111111111,

111111 Ν11111111110, 1111111 1111111111 1111111111 11111-

11111, 11111111111111111 11111111111111111111111111
1111111111111111111111111111111111111[1111111111 Hinc Rex &Nm
1111111111111111110111111111111111 11111111 1111111111111

1111111111 11 1111111111, 11111111111111111 1111111111111

emptos.

81111111111111111 1111111111 11111111, 1111111111
Ρ11111111111111111111111111111611111111111111111111111
1111111111111111111111111111111111111 1111111111-

111111, 1111111111111111111111111111, 1111 1111111111
111111111111 111 1, 11111111111111111111111111111
1111111111111111

H vx vs 111111111111111 1111111111 1111111111611 ΜἾ,,1,,,,,,
1111111111111111Μο111111 101111 11111111,111111111111111
11111111111111111111111111111111111111111111111 111111. 11111 .

5555

1111 ’ ¹* 555
daleam.

 

