, 717777 »- 137
1111111111161111111101111111111111111111011111
11111,1111111111[1111111111,111111111111[111111111111
111111 77777777' das 7777 31111111111111111111111111
1111116111 11111111 1,111[1 111111111111111116111 1111111611
1111 111 1111111111Ἣ111111,·3111 1111 77 11111111111111 ’ζῡζὲὓξὼ
77777170277777 77777 9720. ’

01111111 111111, [1111ὁ 111111[11 1111[11’111ὒ1111111111
ί1111111111111111111111111111111111111111111111111611111,
11111116111111111111111111111111111111111111-
1111111111111111111, 11111111111111111111, Τ111111111
1111111111111111161111 111111,1[11111 1616111111 1111
1111111 1111111111111111111111111111111Ρ116111111
111611111111111111111111 11111111111111111[111111,

INVENITVR 1111111111[1111116111111111111111111111011.
>11[1,11111111111111111111111111,Ε11“1111111111111111ἐι
11111111111111111111111111111 1111111111 11111111 7737

Η A 111111 N777'7 111 1111111 Gangem 777777777777777',

111 011111111111111111111111111111111 111111 11111 1111111111
Τ1111,Ρ11[1(111111111111111111111311111111,111111
1111111111111111111111 11111 11,11111111111,111[1111
11111,111 11611111111111111161111111111,1111111111
111[111111[111111[611111111,1111111111 1111111111
11111611111111[1,11111111111,111Ρί11’,111[1111111,(1
11[1111111111111111 1111111 111111, 111.

0111111111 777fi7777777777777 1111111111 777777 ,w 77:
ἰ11111[1111111)11[11111111111116.1111111111111111,1,111 ⁰
7777 1111111111111111·1[[1111111111111,11111111111111
1111111111111111111111111111,1111111111111Ν111
[11111111111111111111111·111111111111111111111 7777· 1111111-
11111111111111Ρ161111111111111111111111111111111111111111ωρ
1111111111111111111111111, (1 .11111111111[111[111
111111111111111111111111111111 [11111111111116

7 7 777777-

 

